0 1512.66
1 1473.94
2 1408.78
3 1318.95
4 1203.52
5 1070.7
6 922.218
7 766.289
8 607.516
9 454.871
10 315.78
11 196.126
12 101.487
13 37.4956
14 4.66876
15 2.89206
16 29.0273
17 77.6006
18 141.912
19 214.193
20 286.043
21 350.48
22 401.427
23 434.692
24 448.127
25 444.128
26 419.635
27 382.376
28 333.579
29 280.063
30 223.748
31 171.028
32 121.803
33 81.7528
34 48.9457
35 25.4735
36 10.2997
37 2.19736
38 0.00294136
39 2.04903
40 6.79236
41 12.7883
42 19.0381
43 24.3334
44 28.5661
45 30.9517
46 31.7571
47 31.0588
48 28.8955
49 25.8564
50 22.4786
51 18.3334
52 14.5087
53 11.0109
54 7.86518
55 5.23149
56 3.21015
57 1.73587
58 0.781148
59 0.235478
60 0.0174594
61 0.0319842
62 0.188859
63 0.421056
64 0.660068
65 0.862485
66 1.02424
67 1.09796
68 1.12143
69 1.06891
70 0.989262
71 0.861836
72 0.729792
73 0.581519
74 0.460588
75 0.342031
76 0.242365
77 0.163507
78 0.106873
79 0.0655316
80 0.0371912
81 0.0190996
82 0.00843463
83 0.00254743
84 0.000121608
85 0.00071854
86 0.00392645
87 0.00931461
88 0.0163314
89 0.0247173
90 0.0339766
91 0.0437431
92 0.053343
93 0.0630684
94 0.071925
95 0.080567
96 0.0878457
97 0.0952678
98 0.0998978
99 0.104616
100 0.108192
101 0.10941
102 0.111429
103 0.110515
104 0.109922
105 0.108444
106 0.104971
107 0.102009
108 0.0979107
109 0.0938256
110 0.0883608
111 0.0835927
112 0.0781347
113 0.072585
114 0.066972
115 0.06137
116 0.0558737
117 0.0504867
118 0.0452773
119 0.0401045
120 0.0355759
121 0.0311646
122 0.0270345
123 0.0231617
124 0.0198018
125 0.0168449
126 0.0143473
127 0.0124048
128 0.0116215
129 0.0187873
130 0.00287397
131 0.00177239
132 0.000943827
133 0.000386893
134 7.78773e-05
135 3.00245e-06
136 0.000144377
137 6.81498
138 2.40796
139 0.604507
140 0.17064
141 0.0324936
142 0.000327167
143 0.0108366
144 0.0388698
145 0.0724852
146 0.106285
147 0.137084
148 0.163958
149 0.186439
150 0.205197
151 0.220286
152 0.232486
153 0.242251
154 0.249763
155 0.256429
156 0.261626
157 0.266493
158 0.271041
159 0.275152
160 0.279337
161 0.284519
162 0.288578
163 0.29406
164 0.2984
165 0.304106
166 0.308969
167 0.313443
168 0.317479
169 0.321141
170 0.324866
171 0.327721
172 0.330686
173 0.333313
174 0.335026
175 0.336866
176 0.338337
177 0.338932
178 0.339665
179 0.340032
180 0.341091
181 0.339665
182 0.338932
183 0.338337
184 0.336866
185 0.335026
186 0.333313
187 0.330686
188 0.327721
189 0.324866
190 0.321141
191 0.317479
192 0.313443
193 0.308969
194 0.304106
195 0.2984
196 0.29406
197 0.288578
198 0.284519
199 0.279337
200 0.275152
201 0.271041
202 0.266493
203 0.261626
204 0.256429
205 0.249763
206 0.242251
207 0.232486
208 0.220286
209 0.205197
210 0.186439
211 0.163958
212 0.137084
213 0.106285
214 0.0724852
215 0.0388698
216 0.0108366
217 0.000327167
218 0.0324936
219 0.17064
220 0.604507
221 2.40796
222 6.81498
223 0.000144377
224 3.00245e-06
225 7.78773e-05
226 0.000386893
227 0.000943827
228 0.00177239
229 0.00287397
230 0.0187873
231 0.0116215
232 0.0124048
233 0.0143473
234 0.0168449
235 0.0198018
236 0.0231617
237 0.0270345
238 0.0311646
239 0.0355759
240 0.0401045
241 0.0452773
242 0.0504867
243 0.0558737
244 0.06137
245 0.066972
246 0.072585
247 0.0781347
248 0.0835927
249 0.0883608
250 0.0938256
251 0.0979107
252 0.102009
253 0.104971
254 0.108444
255 0.109922
256 0.110515
257 0.111429
258 0.10941
259 0.108192
260 0.104616
261 0.0998978
262 0.0952678
263 0.0878457
264 0.080567
265 0.071925
266 0.0630684
267 0.053343
268 0.0437431
269 0.0339766
270 0.0247173
271 0.0163314
272 0.00931461
273 0.00392645
274 0.00071854
275 0.000121608
276 0.00254743
277 0.00843463
278 0.0190996
279 0.0371912
280 0.0655316
281 0.106873
282 0.163507
283 0.242365
284 0.342031
285 0.460588
286 0.581519
287 0.729792
288 0.861836
289 0.989262
290 1.06891
291 1.12143
292 1.09796
293 1.02424
294 0.862485
295 0.660068
296 0.421056
297 0.188859
298 0.0319842
299 0.0174594
300 0.235478
301 0.781148
302 1.73587
303 3.21015
304 5.23149
305 7.86518
306 11.0109
307 14.5087
308 18.3334
309 22.4786
310 25.8564
311 28.8955
312 31.0588
313 31.7571
314 30.9517
315 28.5661
316 24.3334
317 19.0381
318 12.7883
319 6.79236
320 2.04903
321 0.00294136
322 2.19736
323 10.2997
324 25.4735
325 48.9457
326 81.7528
327 121.803
328 171.028
329 223.748
330 280.063
331 333.579
332 382.376
333 419.635
334 444.128
335 448.127
336 434.692
337 401.427
338 350.48
339 286.043
340 214.193
341 141.912
342 77.6006
343 29.0273
344 2.89206
345 4.66876
346 37.4956
347 101.487
348 196.126
349 315.78
350 454.871
351 607.516
352 766.289
353 922.218
354 1070.7
355 1203.52
356 1318.95
357 1408.78
358 1473.94
359 1510.93
