68.2245
33.6126
33.6126
32.6522
32.6519
33.4075
31.6901
32.3632
30.3846
29.7633
30.3341
28.3737
28.3369
26.384
26.3513
25.3602
23.4121
23.7686
22.3749
21.735
20.3845
19.7122
19.646
17.3969
17.631
15.6728
15.6104
15.5438
13.5982
13.7451
12.5242
12.4555
11.6422
10.4622
10.5592
9.40319
9.48323
8.49811
8.41098
7.44154
7.35621
6.40647
7.17137
5.39024
6.24597
5.21737
4.32887
5.13691
4.25245
4.07321
3.32476
3.97068
3.15207
2.98949
2.3088
2.95563
2.15511
2.08009
1.99946
1.36473
1.90133
1.24561
1.24509
1.13201
1.11898
1.0478
0.969462
0.523027
0.541791
0.779298
0.45569
0.421202
0.423727
0.197483
0.338303
0.293677
0.219728
0.238728
0.209631
0.171395
0.200277
0.196324
0.1922
0.157763
0.185321
0.181898
0.178195
0.175675
0.172853
0.170206
0
0.194825
0.165004
0.162288
0.186749
0.158568
0.156798
0.180138
0.153321
0.17632
0.174466
0.148847
0.171402
0.169921
0.168557
0.167305
0.166161
0.165121
0.164182
0.163342
0.1626
0.161954
0.162497
0.182827
0.160565
0.161654
0.181779
0.161749
0.196137
0.232111
0.163456
0.241241
0.246494
0.294431
0.318032
0.317576
0.375599
0.347829
0.46328
0.534197
1.01919
0.164063
0.163757
0.163473
0.16321
0.162967
0.162742
0.162534
4.48465
3.2882
2.35316
1.93703
1.71914
1.5636
1.33529
1.3467
1.0538
1.17641
1.05039
1.00406
0.868424
0.838474
0.845094
0.656552
0.811579
0.632041
0.63973
0.604275
0.533018
0.583271
0.511563
0.555169
0.529646
0.529121
0.4893
0.528367
0.508786
0.507816
0.508421
0.527577
0.488143
0.508136
0.527353
0.487991
0.527292
0.508013
0.508005
0.507204
0.507999
0.507999
1.97588
0.507999
0.507999
0.507204
0.508005
0.508013
0.527292
0.487991
0.527353
0.508136
0.488143
0.527577
0.508421
0.507816
0.508786
0.528367
0.4893
0.529121
0.529646
0.555169
0.511563
0.583271
0.533018
0.604275
0.63973
0.632041
0.811579
0.656552
0.845094
0.838474
0.868424
1.00406
1.05039
1.17641
1.0538
1.3467
1.33529
1.5636
1.71914
1.93703
2.35316
3.2882
4.48465
0.162534
0.162742
0.162967
0.16321
0.163473
0.163757
0.164063
1.01919
0.534197
0.46328
0.347829
0.375599
0.317576
0.318032
0.294431
0.246494
0.220128
0.184569
0.232111
0.196137
0.161749
0.181779
0.161654
0.160565
0.182827
0.162497
0.161954
0.1626
0.163342
0.164182
0.165121
0.166161
0.167305
0.168557
0.169921
0.171402
0.148847
0.174466
0.17632
0.153321
0.180138
0.156798
0.158568
0.186749
0.162288
0.165004
0.194825
0
0.170206
0.172853
0.175675
0.178195
0.181898
0.185321
0.157763
0.1922
0.196324
0.200277
0.171395
0.209631
0.238728
0.219728
0.293677
0.338303
0.197483
0.423727
0.421202
0.45569
0.779298
0.541791
0.523027
0.969462
1.0478
1.11898
1.13201
1.24509
1.24561
1.90133
1.36473
1.99946
2.08009
2.15511
2.95563
2.3088
2.98949
3.15207
3.97068
3.32476
4.07321
4.25245
5.13691
4.32887
5.21737
6.24597
5.39024
7.17137
6.40647
7.35621
7.44154
8.41098
8.49811
9.48323
9.40319
10.5592
10.4622
11.6422
12.4555
12.5242
13.7451
13.5982
15.5438
15.6104
15.6728
17.631
17.3969
19.646
19.7122
20.3845
21.735
22.3749
23.7686
23.4121
25.3602
26.3513
26.384
28.3369
28.3737
30.3341
29.7633
30.3846
32.3632
31.6901
33.4075
32.6519
32.6522
33.6126
33.6126
