1
0.495771
0.486853
0.473877
0.456597
0.437377
0.416332
0.392715
0.369102
0.344426
0.320782
0.297583
0.275057
0.253606
0.233695
0.214886
0.196967
0.181002
0.166172
0.152396
0.139775
0.128049
0.117794
0.107974
0.0987906
0.09078
0.0838126
0.0766348
0.0700574
0.0644961
0.0589547
0.0539523
0.0492995
0.0451721
0.0413945
0.0381203
0.0344587
0.0310936
0.0283582
0.0258951
0.0230848
0.0207475
0.0183925
0.0161988
0.0145666
0.0124208
0.0106718
0.00923167
0.00761859
0.0061194
0.00514585
0.00386256
0.00289478
0.00214356
0.00154469
0.00105885
0.000871632
0.00084058
0.000839174
0.000809233
0.000807941
0.000806783
0.000803998
0.000802656
0.000775571
0.000775162
0.000773323
0.000771328
0.000769265
0.000767083
0.000766987
0.000746113
0.000763241
0.000761123
0.000761477
0.000742719
0.000758274
0.000756658
0.000773384
0.00075848
0.000755009
0.000771311
0.000772437
0.00077143
0.000784592
0.000785898
0.000785221
0.000798035
0.000799711
0.000810205
0
0.000812128
0.000822657
0.000824889
0.000835532
0.000848057
0.000858633
0.000861355
0.000870386
0.0240398
0.0206165
0.0166865
0.0160696
0.0165981
0.0186826
0.0252221
0.0330382
0.0293839
0.025758
0.0230109
0.0202952
0.0184601
0.0166185
0.0152171
0.013418
0.012064
0.0111169
0.00979597
0.00927538
0.00800285
0.00751807
0.00702233
0.00620667
0.00543468
0.00535136
0.00465059
0.00457611
0.0039801
0.00393561
0.00367695
0.00347899
0.00345446
0.0033436
0.00332066
0.00340137
0.00344634
0.00351855
0.00359909
0.00365557
0.00374368
0.00381337
0.00389148
0.00396087
0.00405273
0.00414576
0.00421165
0.00428725
0.00438236
0.00449807
0.00458498
0.00468325
0.00476616
0.00487079
0.00505471
0.00507395
0.00529744
0.00543232
0.00571905
0.00579862
0.00621542
0.00643525
0.0490737
0.0316034
0.024665
0.0217576
0.020103
0.0189536
0.0179711
0.0172904
0.0163937
0.0167778
0.0162535
0.0158551
0.0158509
0.0154641
0.0154652
0.0154873
0.0155156
0.0155508
0.0155375
0.0307655
