590.29
85.0834
59.8744
47.2219
40.3398
35.1895
32.0934
28.1111
27.5418
23.9028
23.8593
21.1893
20.0115
19.3182
17.2625
17.3618
14.9189
14.9851
13.8113
11.8947
11.893
11.1831
9.68081
8.63669
8.28771
7.54064
6.32003
6.21149
4.55602
4.48974
3.71813
3.42076
2.40313
2.49744
1.86858
1.52695
1.21894
1.18993
0.994771
1.08733
1.03682
0.868416
0.950603
0.908384
0.762513
0.835485
0.799647
0.766246
0.643632
0.706944
0.677928
0.650975
0.547652
0.602561
0.579505
0.488044
0.538332
0.517235
0.436627
0.482371
0.406927
0.450066
0.379917
0.419827
0.356218
0.344658
0.382343
0.323283
0.315017
0.305091
0.339413
0.287324
0.280838
0.27222
0.266527
0.223411
0.252898
0.248369
0.240811
0.237013
0.199336
0.2254
0.191556
0.216452
0.214515
0.181149
0.178525
0.200821
0.172895
0.170847
0
0.196165
0.161214
0.164957
0.164136
0.164225
0.167715
0.150783
0.168092
0.166378
0.164745
0.139289
0.161954
0.160536
0.159188
0.134872
0.156892
0.174922
0.132135
0.153761
0.130573
0.151978
0.148379
0.128574
0.149702
0.146594
0.126865
0.166993
0.125842
0.144655
1.36274
1.81441
1.11451
0.893776
0.738499
0.655335
0.576517
0.555472
0.50028
0.454024
0.415607
0.408367
0.392942
0.357114
0.35234
0.319772
0.295133
0.323458
0.306233
0.277353
0.267528
0.267494
0.26442
0.240657
0.275891
0.236109
0.238188
0.249654
0.253156
0.229992
0.236994
0.234194
0.270941
0.246311
0.260809
0.276058
0.296646
0.306657
0.337463
0.350603
0.4148
0.418766
0.4632
0.510403
0.554341
0.629075
0.699592
0.755524
0.412022
0.319392
0.337611
0.355457
0.292331
0.137464
0.156846
0.177122
0.157185
0.157247
0.196596
0.157286
1.31458
0.157286
0.196596
0.157247
0.157185
0.177122
0.156846
0.137464
0.292331
0.355457
0.337611
0.319392
0.412022
0.755524
0.699592
0.629075
0.554341
0.510403
0.4632
0.418766
0.4148
0.350603
0.337463
0.306657
0.296646
0.276058
0.260809
0.246311
0.270941
0.234194
0.236994
0.229992
0.253156
0.249654
0.238188
0.236109
0.275891
0.240657
0.26442
0.267494
0.267528
0.277353
0.306233
0.323458
0.295133
0.319772
0.35234
0.357114
0.392942
0.408367
0.415607
0.454024
0.50028
0.555472
0.576517
0.655335
0.738499
0.893776
1.11451
1.81441
1.36274
0.144655
0.125842
0.166993
0.126865
0.146594
0.149702
0.128574
0.148379
0.151978
0.130573
0.153761
0.132135
0.174922
0.156892
0.134872
0.159188
0.160536
0.161954
0.139289
0.164745
0.166378
0.168092
0.150783
0.167715
0.164225
0.164136
0.164957
0.161214
0.196165
0
0.170847
0.172895
0.200821
0.178525
0.181149
0.214515
0.216452
0.191556
0.2254
0.199336
0.237013
0.240811
0.248369
0.252898
0.223411
0.266527
0.27222
0.280838
0.287324
0.339413
0.305091
0.315017
0.323283
0.382343
0.344658
0.356218
0.419827
0.379917
0.450066
0.406927
0.482371
0.436627
0.517235
0.538332
0.488044
0.579505
0.602561
0.547652
0.650975
0.677928
0.706944
0.643632
0.766246
0.799647
0.835485
0.762513
0.908384
0.950603
0.868416
1.03682
1.08733
0.99477
1.18993
1.21894
1.52695
1.86858
2.49744
2.40313
3.42076
3.71813
4.48974
4.55602
6.21149
6.32003
7.54064
8.28771
8.63669
9.68081
11.1831
11.893
11.8947
13.8113
14.9851
14.9189
17.3618
17.2625
19.3182
20.0115
21.1893
23.8593
23.9028
27.5418
28.1111
32.0934
35.1895
40.3398
47.2219
59.8744
85.0834
