1
0.497891
0.492037
0.48396
0.472319
0.459471
0.443511
0.427139
0.408793
0.390183
0.371172
0.351289
0.333031
0.312587
0.296014
0.275301
0.260888
0.24078
0.225187
0.212083
0.193821
0.181013
0.169301
0.153152
0.141913
0.133498
0.118029
0.10808
0.0989731
0.0911286
0.0819217
0.0720843
0.064884
0.0582577
0.0523091
0.0469237
0.0420711
0.0376308
0.0336235
0.0299818
0.0267501
0.0238837
0.0213354
0.0190846
0.0170449
0.0152558
0.0136622
0.0122587
0.0110322
0.00992523
0.00894584
0.00810389
0.00735072
0.00670837
0.00611453
0.00563142
0.00518522
0.00479223
0.00447655
0.00418081
0.0039282
0.00371292
0.00352753
0.0033544
0.00322451
0.00309962
0.00300173
0.0028991
0.00283493
0.0836763
0.104721
0.100391
0.104852
0.102248
0.103035
0.104001
0.103901
0.0908254
0.0747982
0.0730536
0.0641939
0.0534436
0.0561513
0.0432604
0.0492627
0.0401187
0.0404318
0.0355063
0.0344345
0.0310453
0
0.0311239
0.0280616
0.0272191
0.0250563
0.0238177
0.0224277
0.0206772
0.0201878
0.0184646
0.0175519
0.0170021
0.0154524
0.0148256
0.0138725
0.0130809
0.0126405
0.0117593
0.0111889
0.0107277
0.0100842
0.00976786
0.00927794
0.00878159
0.00865506
0.00811205
0.00794159
0.00756315
0.0073165
0.00705194
0.00680474
0.00660227
0.00637948
0.00617104
0.00604328
0.00586321
0.00578803
0.00555325
0.00534737
0.00519818
0.00505814
0.00496476
0.00484281
0.00476484
0.00467483
0.00461029
0.00454429
0.00451663
0.00449579
0.00442984
0.00439859
0.00436039
0.00435204
0.00441372
0.00435447
0.00434684
0.00438792
0.00439297
0.00439907
0.00443175
0.00447358
0.00450522
0.00454881
0.0046032
0.00465612
0.00470312
0.00478313
0.00483277
0.00563634
0.01053
0.0104913
0.0103702
0.0102734
0.0103175
0.0103401
0.0103004
0.0102352
0.00995971
0.0102905
0.009912
0.0103105
0.00985777
0.00995034
0.00962848
0.00938549
0.00943
0.00934805
0.00919614
0.00916748
0.00911893
0.0182212
0.00911893
0.00916748
0.00919614
0.00934805
0.00943
0.00938549
0.00962848
0.00995034
0.00985777
0.0103105
0.009912
0.0102905
0.00995971
0.0102352
0.0103004
0.0103401
0.0103175
0.0102734
0.0103702
0.0104913
0.01053
0.00563634
0.00483277
0.00478313
0.00470312
0.00465612
0.0046032
0.00454881
0.00450522
0.00447358
0.00443175
0.00439907
0.00439297
0.00438792
0.00434684
0.00435447
0.00441372
0.00435204
0.00436039
0.00439859
0.00442984
0.00449579
0.00451663
0.00454429
0.00461029
0.00467483
0.00476484
0.00484281
0.00496476
0.00505814
0.00519818
0.00534737
0.00555325
0.00578803
0.00586321
0.00604328
0.00617104
0.00637948
0.00660245
0.00680456
0.00705194
0.0073165
0.00756315
0.00794159
0.00811205
0.00865506
0.00878159
0.00927794
0.00976786
0.0100842
0.0107277
0.0111889
0.0117593
0.0126405
0.0130809
0.0138725
0.0148256
0.0154524
0.0170021
0.0175519
0.0184646
0.0201878
0.0206772
0.0224277
0.0238177
0.0250563
0.0272191
0.0280616
0.0311239
0
0.0310453
0.0344345
0.0355063
0.0404318
0.0401187
0.0492627
0.0432604
0.0561513
0.0534436
0.0641939
0.0730536
0.0747982
0.0908254
0.103901
0.104001
0.103035
0.102248
0.104852
0.100391
0.104721
0.0836763
0.00283493
0.0028991
0.00300173
0.00309962
0.00322451
0.0033544
0.00352753
0.00371292
0.0039282
0.00418081
0.00447655
0.00479223
0.00518522
0.00563142
0.00611453
0.00670837
0.00735072
0.00810389
0.00894584
0.00992523
0.0110322
0.0122587
0.0136622
0.0152558
0.0170449
0.0190846
0.0213354
0.0238837
0.0267501
0.0299818
0.0336235
0.0376308
0.0420711
0.0469237
0.0523091
0.0582577
0.064884
0.0720843
0.0819217
0.0911286
0.0989731
0.10808
0.118029
0.133498
0.141913
0.153152
0.169301
0.181013
0.193821
0.212083
0.225187
0.24078
0.260888
0.275301
0.296014
0.312587
0.333031
0.351289
0.371172
0.390183
0.408793
0.427139
0.443511
0.459471
0.472319
0.48396
0.492037
0.497891
