1
0.144919
0.100559
0.0802177
0.0680202
0.0596408
0.0535688
0.0490025
0.0451487
0.0417196
0.0390547
0.0364458
0.0342294
0.0321547
0.0301453
0.0282173
0.0264347
0.024662
0.0228982
0.0214234
0.0196352
0.0182531
0.0166434
0.0151875
0.0137195
0.0123416
0.0110687
0.00974634
0.00853017
0.00743123
0.00643381
0.00544289
0.00451735
0.00381216
0.00319069
0.00258097
0.00224963
0.00194503
0.00180162
0.00174498
0.00166842
0.00161671
0.00152712
0.00148139
0.00143687
0.00135874
0.00131926
0.00124883
0.00121364
0.00114992
0.00111854
0.00106077
0.00101986
0.000980768
0.000943782
0.000908383
0.000863758
0.000843342
0.000792157
0.000774616
0.000737997
0.000712963
0.000689231
0.000657597
0.0006366
0.000608084
0.000589499
0.000563912
0.000554771
0.000523954
0.00051628
0.000488097
0.000481717
0.000462615
0.000444154
0.000433355
0.000422828
0.000406607
0.000391809
0.000389132
0.000369344
0.000367124
0.000349485
0.000347593
0.000336403
0.000325434
0.000319945
0.000314758
0.000305821
0.000296133
0
0.000297612
0.00028503
0.000286653
0.000279886
0.000274209
0.000278057
0.000281066
0.000277074
0.000277502
0.000271585
0.000268227
0.000265878
0.000259672
0.000257614
0.000255
0.000257068
0.000251458
0.000246021
0.000247778
0.00024636
0.000248265
0.000243277
0.00024211
0.000237332
0.000239574
0.00024187
0.000240964
0.000236505
0.00023898
0.00233841
0.00306018
0.00187698
0.00148592
0.00126296
0.00111156
0.00099848
0.000907293
0.000837606
0.000781069
0.000731902
0.000684694
0.000647464
0.000616358
0.000581859
0.00055948
0.000535281
0.00051791
0.000497009
0.000474753
0.0004663
0.000449261
0.000442587
0.000427729
0.000425862
0.000415786
0.000412996
0.00040524
0.000407129
0.000409453
0.000413966
0.000414367
0.000417013
0.000436992
0.000447836
0.000469437
0.00049772
0.000526188
0.000569094
0.000611811
0.000656301
0.000719463
0.000783945
0.000861747
0.000952259
0.00105071
0.00118085
0.00126118
0.000724147
0.000570052
0.000534753
0.000613852
0.000477501
0.000259153
0.000266066
0.000269472
0.000282827
0.000286199
0.000289375
0.000292787
0.000754536
