1277.96
636.283
628.802
618.481
603.604
587.185
566.788
545.865
522.42
498.637
474.342
448.933
425.6
399.473
378.293
351.823
333.404
307.707
287.78
271.033
247.695
231.327
216.359
195.722
181.359
170.604
150.837
138.121
126.483
116.458
104.692
92.1206
82.919
74.4508
66.8487
59.9665
53.7651
48.0905
42.9694
38.3154
34.1855
30.5223
27.2658
24.3893
21.7826
19.4963
17.4597
15.6661
14.0987
12.684
11.4324
10.3564
9.39391
8.57301
7.81411
7.19671
6.62649
6.12426
5.72083
5.3429
5.02007
4.74496
4.50804
4.28678
4.12079
3.96118
3.83608
3.70493
3.62291
106.935
133.829
128.295
133.997
130.668
131.675
132.909
132.78
116.071
95.5889
93.3593
82.037
68.2986
71.7589
55.2849
62.9557
51.27
51.6702
45.3755
44.0058
39.6745
0
39.775
35.8616
34.7849
32.0208
30.438
28.6617
26.4246
25.7991
23.597
22.4305
21.728
19.7475
18.9465
17.7284
16.7168
16.154
15.0278
14.2989
13.7096
12.8871
12.4829
11.8568
11.2225
11.0608
10.3669
10.149
9.66538
9.35018
9.01208
8.69617
8.43741
8.15269
7.88632
7.72305
7.49293
7.39685
7.09681
6.83371
6.64305
6.46408
6.34476
6.1889
6.08926
5.97423
5.89176
5.80741
5.77206
5.74543
5.66114
5.62121
5.57239
5.56172
5.64055
5.56483
5.55508
5.60758
5.61402
5.62182
5.66358
5.71704
5.75747
5.81318
5.88269
5.95032
6.01039
6.11263
6.17608
7.203
13.4569
13.4074
13.2527
13.1289
13.1853
13.2142
13.1635
13.0801
12.7281
13.1508
12.6671
13.1764
12.5978
12.7161
12.3048
11.9943
12.0511
11.9464
11.7523
11.7156
11.6536
23.2859
11.6536
11.7156
11.7523
11.9464
12.0511
11.9943
12.3048
12.7161
12.5978
13.1764
12.6671
13.1508
12.7281
13.0801
13.1635
13.2142
13.1853
13.1289
13.2527
13.4074
13.4569
7.203
6.17608
6.11263
6.01039
5.95032
5.88269
5.81318
5.75747
5.71704
5.66358
5.62182
5.61402
5.60758
5.55508
5.56483
5.64055
5.56172
5.57239
5.62121
5.66114
5.74543
5.77206
5.80741
5.89176
5.97423
6.08926
6.1889
6.34476
6.46408
6.64305
6.83371
7.09681
7.39685
7.49293
7.72305
7.88632
8.15269
8.43765
8.69593
9.01208
9.35018
9.66538
10.149
10.3669
11.0608
11.2225
11.8568
12.4829
12.8871
13.7096
14.2989
15.0278
16.154
16.7168
17.7284
18.9465
19.7475
21.728
22.4305
23.597
25.7991
26.4246
28.6617
30.438
32.0208
34.7849
35.8616
39.775
0
39.6745
44.0058
45.3755
51.6702
51.27
62.9557
55.2849
71.7589
68.2986
82.037
93.3593
95.5889
116.071
132.78
132.909
131.675
130.668
133.997
128.295
133.829
106.935
3.62291
3.70493
3.83608
3.96118
4.12079
4.28678
4.50804
4.74496
5.02007
5.3429
5.72083
6.12426
6.62649
7.19671
7.81411
8.57301
9.39391
10.3564
11.4324
12.684
14.0987
15.6661
17.4597
19.4963
21.7826
24.3893
27.2658
30.5223
34.1855
38.3154
42.9694
48.0905
53.7651
59.9665
66.8487
74.4508
82.919
92.1206
104.692
116.458
126.483
138.121
150.837
170.604
181.359
195.722
216.359
231.327
247.695
271.033
287.78
307.707
333.404
351.823
378.293
399.473
425.6
448.933
474.342
498.637
522.42
545.865
566.788
587.185
603.604
618.481
628.802
636.283
