0.717518
0.331213
0.331179
0.331101
0.33098
0.373377
0.330608
0.330352
0.330042
0.329671
0.274391
0.274034
0.273618
0.218548
0.272678
0.217669
0.217175
0.162538
0.237584
0.161551
0.161031
0.16042
0.10655
0.159123
0.105534
0.105014
0.11886
0.0519388
0.103264
0.102297
0.0507153
0.0503784
0.0500447
0.0601133
0.0490546
0.0484649
0.0477665
0.0469253
0.00807682
0.045891
0.0445852
0
0.0428767
7.2701e-05
0.00639029
0.040525
0
0
0.037018
0.00519075
0
0
0.031038
0.00431124
0
0
0
0
0.00365166
0.000160047
0
0
0.0159969
0
0.000229998
0
0.00275857
0
0.000324358
0
0.0024534
0.00110994
0.0012018
0.000488918
0.00273963
0.00109099
0.00036187
0.00240099
0.0014389
0.000412814
0.000268932
0.00339759
0.000305008
0.00162392
0.00315863
0.000363011
0.00147554
0.00117399
0.00214394
0.00114682
0
0.0561631
0.0134797
0.0540591
0.0560074
0.00784883
0.0519839
0.00735655
0.00851791
0.0102846
0.0411367
0.00971517
0.0063124
0.00754798
0.00906675
0.00591808
0.00870468
0.00569717
0.00691958
0.00699246
0.00672815
0.00537684
0.00658627
0.00661175
0.0209874
0.0051394
0.00633629
0.00633052
0.00500068
0.0061902
0.0049301
0.00490009
0.00608208
0.00484199
0.00601564
0.00478642
0.00476533
0.00474557
0.00472707
0.00589727
0.00469114
0.00467613
0.00466211
0.0034704
0.00349852
0.00463106
0.00462011
0.00460992
0.00460045
0.00459166
0.00229274
0.00457966
0.00457239
0.00340034
0.0049807
0.00455651
0.00338793
0.00343657
0.00338151
0.00343189
0.00337571
0.00342774
0.00337043
0.00226411
0.00452548
0.00226141
0.00336108
0.00341806
0.00225806
0.00335505
0.00225573
0.00341335
0.00334888
0.00225239
0.00225151
0.00225062
0.00449842
0.00224774
0.00224669
0.0022456
0.00224445
0.00224323
0.00224194
0.00224057
0.00331869
0.00223585
0.00223404
0.00223209
0.00222999
0
0.00445295
